NDF, NonNDF, NDF Percentage, NonNDF Percentage
about_us
72 49 0.595041322314 0.404958677686
active
14444 6716 0.682608695652 0.317391304348
ajax_payout_edit
238 89 0.727828746177 0.272171253823
ajax_payout_options_by_country
259 103 0.71546961326 0.28453038674
ajax_statsd
570 278 0.672169811321 0.327830188679
apply_code
81 48 0.627906976744 0.372093023256
authenticate
10470 7787 0.573478665717 0.426521334283
authorize
155 119 0.565693430657 0.434306569343
available
484 299 0.618135376756 0.381864623244
campaigns
9526 3681 0.721284167487 0.278715832513
click
1969 1072 0.647484380138 0.352515619862
collections
4846 1928 0.715382344257 0.284617655743
contact_new
324 224 0.591240875912 0.408759124088
create
28638 20703 0.58040980118 0.41959019882
create_multiple
344 262 0.567656765677 0.432343234323
currencies
114 37 0.754966887417 0.245033112583
domains
1031 374 0.733807829181 0.266192170819
email_share
99 71 0.582352941176 0.417647058824
email_wishlist
107 84 0.560209424084 0.439790575916
facebook_auto_login
1142 910 0.556530214425 0.443469785575
faq_category
892 618 0.590728476821 0.409271523179
forgot_password
70 57 0.551181102362 0.448818897638
friends
172 125 0.579124579125 0.420875420875
glob
125 98 0.560538116592 0.439461883408
guarantee
118 65 0.644808743169 0.355191256831
header_userpic
32468 24385 0.571086837986 0.428913162014
host_summary
181 64 0.738775510204 0.261224489796
hosting_social_proof
1514 1154 0.567466266867 0.432533733133
index
28189 19603 0.589826749247 0.410173250753
issue
179 123 0.592715231788 0.407284768212
listing
119 81 0.595 0.405
listings
6258 3724 0.626928471248 0.373071528752
localization_settings
425 288 0.596072931276 0.403927068724
login
570 440 0.564356435644 0.435643564356
lookup
11511 8869 0.56481844946 0.43518155054
manage_listing
3344 745 0.817803864025 0.182196135975
mobile_landing_page
119 91 0.566666666667 0.433333333333
multi
171 108 0.612903225806 0.387096774194
my_listings
123 65 0.654255319149 0.345744680851
new
1936 973 0.665520797525 0.334479202475
notifications
9165 4623 0.664708442124 0.335291557876
open_graph_setting
2641 2025 0.566009429919 0.433990570081
other_hosting_reviews_first
5988 4504 0.57072054899 0.42927945101
overview
199 46 0.812244897959 0.187755102041
patch
66 51 0.564102564103 0.435897435897
payment_instruments
2409 1395 0.633280757098 0.366719242902
payout_preferences
547 386 0.586280814577 0.413719185423
payout_update
191 73 0.723484848485 0.276515151515
pending_tickets
276 189 0.593548387097 0.406451612903
personalize
23857 18699 0.560602500235 0.439397499765
phone_verification_modal
737 171 0.811674008811 0.188325991189
photography
100 42 0.704225352113 0.295774647887
popular
444 229 0.659732540862 0.340267459138
populate_help_dropdown
1846 1258 0.594716494845 0.405283505155
position
100 28 0.78125 0.21875
rate
124 68 0.645833333333 0.354166666667
recommend
214 33 0.866396761134 0.133603238866
recommendations
738 321 0.696883852691 0.303116147309
referrer_status
617 388 0.613930348259 0.386069651741
reviews
6663 2779 0.705676763398 0.294323236602
salute
73 59 0.55303030303 0.44696969697
search
8594 3324 0.721094143313 0.278905856687
search_results
15874 12059 0.568288404396 0.431711595604
set_password
302 169 0.64118895966 0.35881104034
set_user
3281 730 0.818000498629 0.181999501371
settings
1037 663 0.61 0.39
show
34593 22801 0.602728508206 0.397271491794
signed_out_modal
202 124 0.61963190184 0.38036809816
signup_modal
336 267 0.557213930348 0.442786069652
similar_listings
19259 15673 0.551328294973 0.448671705027
social_connections
7299 3004 0.708434436572 0.291565563428
spoken_languages
90 58 0.608108108108 0.391891891892
supported
262 184 0.587443946188 0.412556053812
tos_confirm
612 287 0.680756395996 0.319243604004
travel_plans_previous
63 47 0.572727272727 0.427272727273
unavailabilities
4856 2283 0.680207311948 0.319792688052
update
18641 11753 0.613311837863 0.386688162137
uptodate
505 157 0.762839879154 0.237160120846